NumFoams = 0
MaxFoamDistance = 2.07181e-037
FoamDeltaY = 5.62709e-034
FoamDivides = 3354160

