
[Main]
DepthFile = resource\foam\islands\Antigua.tga
vBoxCenter = -9230.916992,0.000000,1086.087891
vBoxSize = 12775.952148,0.000000,21696.402344

[GraphPoints]
pnt0 = -2270.,-2120.,11,0,1,0,3,0,4,0,5,0,6,0,37,0,38,0,39,0,40,0,41,0,42,
pnt1 = -2465.,-1485.,10,0,1,1,2,1,3,1,4,1,5,1,6,1,39,1,40,1,41,1,42,
pnt2 = -2200.,-390.,4,1,2,2,3,2,4,2,5,
pnt3 = -2595.,-890.,11,0,3,1,3,2,3,3,4,3,5,3,6,3,8,3,9,3,39,3,41,3,42,
pnt4 = -2955.,10.,15,0,4,1,4,2,4,3,4,4,5,4,6,4,7,4,8,4,9,4,10,4,11,4,12,4,41,4,42,4,45,
pnt5 = -3395.,-625.,15,0,5,1,5,2,5,3,5,4,5,5,6,5,8,5,9,5,10,5,11,5,12,5,39,5,41,5,42,5,45,
pnt6 = -2695.,465.,13,0,6,1,6,3,6,4,6,5,6,6,7,6,8,6,9,6,10,6,11,6,12,6,43,6,45,
pnt7 = -1785.,655.,7,4,7,6,7,7,8,7,9,7,10,7,12,7,43,
pnt8 = -2295.,825.,11,3,8,4,8,5,8,6,8,7,8,8,9,8,10,8,11,8,12,8,43,8,45,
pnt9 = -2310.,1225.,12,3,9,4,9,5,9,6,9,7,9,8,9,9,10,9,11,9,12,9,13,9,43,9,45,
pnt10 = -1965.,1415.,9,4,10,5,10,6,10,7,10,8,10,9,10,10,11,10,12,10,45,
pnt11 = -1690.,2220.,15,4,11,5,11,6,11,8,11,9,11,10,11,11,12,11,13,11,14,11,15,11,18,11,19,11,21,11,22,11,45,
pnt12 = -1995.,1750.,11,4,12,5,12,6,12,7,12,8,12,9,12,10,12,11,12,12,13,12,14,12,45,
pnt13 = -1105.,2055.,10,9,13,11,13,12,13,13,14,13,15,13,18,13,19,13,21,13,22,13,45,
pnt14 = -525.,2215.,13,11,14,12,14,13,14,14,15,14,16,14,17,14,18,14,19,14,20,14,21,14,22,14,23,14,45,
pnt15 = 205.,1980.,12,11,15,13,15,14,15,15,16,15,17,15,18,15,19,15,20,15,21,15,22,15,23,15,45,
pnt16 = 325.,1295.,4,14,16,15,16,16,17,16,18,
pnt17 = 470.,1670.,9,14,17,15,17,16,17,17,18,17,19,17,20,17,21,17,22,17,45,
pnt18 = 985.,1735.,12,11,18,13,18,14,18,15,18,16,18,17,18,18,19,18,20,18,21,18,22,18,23,18,45,
pnt19 = 1670.,1760.,11,11,19,13,19,14,19,15,19,17,19,18,19,19,20,19,21,19,22,19,23,19,45,
pnt20 = 1310.,1380.,8,14,20,15,20,17,20,18,20,19,20,20,21,20,22,20,45,
pnt21 = 2220.,1605.,11,11,21,13,21,14,21,15,21,17,21,18,21,19,21,20,21,21,22,21,23,21,45,
pnt22 = 2770.,1550.,16,11,22,13,22,14,22,15,22,17,22,18,22,19,22,20,22,21,22,22,23,22,24,22,25,22,26,22,27,22,28,22,45,
pnt23 = 3160.,1170.,13,14,23,15,23,18,23,19,23,21,23,22,23,23,24,23,25,23,26,23,27,23,28,23,29,23,45,
pnt24 = 2780.,905.,5,22,24,23,24,24,25,24,26,24,27,
pnt25 = 3135.,725.,7,22,25,23,25,24,25,25,26,25,27,25,28,25,29,
pnt26 = 3325.,345.,9,22,26,23,26,24,26,25,26,26,27,26,28,26,29,26,32,26,33,
pnt27 = 3505.,15.,11,22,27,23,27,24,27,25,27,26,27,27,28,27,29,27,30,27,32,27,33,27,34,
pnt28 = 3315.,-425.,11,22,28,23,28,25,28,26,28,27,28,28,29,28,30,28,31,28,32,28,33,28,34,
pnt29 = 3065.,-990.,10,23,29,25,29,26,29,27,29,28,29,29,30,29,31,29,32,29,33,29,34,
pnt30 = 2440.,-820.,6,27,30,28,30,29,30,30,31,30,32,30,33,
pnt31 = 2190.,-685.,5,28,31,29,31,30,31,31,32,31,33,
pnt32 = 2425.,-1315.,8,26,32,27,32,28,32,29,32,30,32,31,32,32,33,32,34,
pnt33 = 2370.,-1745.,15,26,33,27,33,28,33,29,33,30,33,31,33,32,33,33,34,33,35,33,36,33,37,33,38,33,39,33,41,33,44,
pnt34 = 1805.,-1900.,13,27,34,28,34,29,34,32,34,33,34,34,35,34,36,34,37,34,38,34,39,34,40,34,41,34,44,
pnt35 = 1115.,-1640.,6,33,35,34,35,35,36,35,37,35,38,35,44,
pnt36 = 1130.,-1965.,9,33,36,34,36,35,36,36,37,36,38,36,39,36,40,36,41,36,44,
pnt37 = 610.,-2090.,10,0,37,33,37,34,37,35,37,36,37,37,38,37,39,37,40,37,41,37,44,
pnt38 = -95.,-2425.,10,0,38,33,38,34,38,35,38,36,38,37,38,38,39,38,40,38,41,38,44,
pnt39 = -1145.,-2465.,11,0,39,1,39,3,39,5,39,33,39,34,39,36,39,37,39,38,39,39,40,39,41,
pnt40 = -960.,-2205.,8,0,40,1,40,34,40,36,40,37,40,38,40,39,40,40,41,
pnt41 = -1635.,-2335.,13,0,41,1,41,3,41,4,41,5,41,33,41,34,41,36,41,37,41,38,41,39,41,40,41,41,42,
pnt42 = -2089.286,-1178.571,6,0,42,1,42,3,42,4,42,5,42,41,42,
pnt43 = -1446.429,571.4286,4,6,43,7,43,8,43,9,43,
pnt44 = 553.5715,-1750.,6,33,44,34,44,35,44,36,44,37,44,38,44,
pnt45 = -1107.143,2571.429,18,4,45,5,45,6,45,8,45,9,45,10,45,11,45,12,45,13,45,14,45,15,45,17,45,18,45,19,45,20,45,21,45,22,45,23,45,

