
[Main]
DepthFile = resource\foam\islands\Caiman.tga
vBoxCenter = -369.271729,0.000000,-1.968262
vBoxSize = 3265.109619,0.000000,3628.748535

[GraphPoints]
pnt0 = -85.,760.,10,0,1,0,2,0,3,0,4,0,5,0,6,0,7,0,32,0,33,0,34,
pnt1 = 75.,985.,13,0,1,1,2,1,3,1,4,1,5,1,6,1,7,1,29,1,30,1,31,1,32,1,33,1,34,
pnt2 = 410.,885.,13,0,2,1,2,2,3,2,4,2,5,2,6,2,7,2,29,2,30,2,31,2,32,2,33,2,34,
pnt3 = 830.,680.,13,0,3,1,3,2,3,3,4,3,5,3,6,3,7,3,29,3,30,3,31,3,32,3,33,3,34,
pnt4 = 1155.,585.,13,0,4,1,4,2,4,3,4,4,5,4,6,4,7,4,29,4,30,4,31,4,32,4,33,4,34,
pnt5 = 1570.,415.,14,0,5,1,5,2,5,3,5,4,5,5,6,5,7,5,8,5,29,5,30,5,31,5,32,5,33,5,34,
pnt6 = 1920.,185.,15,0,6,1,6,2,6,3,6,4,6,5,6,6,7,6,8,6,9,6,29,6,30,6,31,6,32,6,33,6,34,
pnt7 = 2335.,-25.,17,0,7,1,7,2,7,3,7,4,7,5,7,6,7,7,8,7,9,7,10,7,11,7,29,7,30,7,31,7,32,7,33,7,34,
pnt8 = 2125.,-490.,6,5,8,6,8,7,8,8,9,8,10,8,11,
pnt9 = 2205.,-975.,7,6,9,7,9,8,9,9,10,9,11,9,12,9,13,
pnt10 = 1845.,-1180.,7,7,10,8,10,9,10,10,11,10,12,10,13,10,14,
pnt11 = 1450.,-1460.,8,7,11,8,11,9,11,10,11,11,12,11,13,11,14,11,15,
pnt12 = 950.,-1735.,8,9,12,10,12,11,12,12,13,12,14,12,15,12,16,12,20,
pnt13 = 390.,-1825.,11,9,13,10,13,11,13,12,13,13,14,13,15,13,16,13,17,13,19,13,20,13,21,
pnt14 = -125.,-1795.,12,10,14,11,14,12,14,13,14,14,15,14,16,14,17,14,19,14,20,14,21,14,22,14,23,
pnt15 = -475.,-1645.,13,11,15,12,15,13,15,14,15,15,16,15,17,15,18,15,19,15,20,15,21,15,22,15,23,15,24,
pnt16 = -695.,-1445.,12,12,16,13,16,14,16,15,16,16,17,16,18,16,19,16,20,16,21,16,22,16,23,16,24,
pnt17 = -1040.,-1000.,11,13,17,14,17,15,17,16,17,17,18,17,19,17,20,17,21,17,22,17,23,17,24,
pnt18 = -775.,-750.,6,15,18,16,18,17,18,18,19,18,20,18,21,
pnt19 = -1480.,-780.,13,13,19,14,19,15,19,16,19,17,19,18,19,19,20,19,21,19,22,19,23,19,24,19,25,19,26,
pnt20 = -1115.,-1400.,13,12,20,13,20,14,20,15,20,16,20,17,20,18,20,19,20,20,21,20,22,20,23,20,24,20,25,
pnt21 = -1860.,-420.,14,13,21,14,21,15,21,16,21,17,21,18,21,19,21,20,21,21,22,21,23,21,24,21,25,21,26,21,27,
pnt22 = -2005.,-15.,13,14,22,15,22,16,22,17,22,19,22,20,22,21,22,22,23,22,24,22,25,22,26,22,27,22,28,
pnt23 = -2315.,345.,13,14,23,15,23,16,23,17,23,19,23,20,23,21,23,22,23,23,24,23,25,23,26,23,27,23,28,
pnt24 = -2340.,645.,13,15,24,16,24,17,24,19,24,20,24,21,24,22,24,23,24,24,25,24,26,24,27,24,28,24,29,
pnt25 = -2150.,820.,9,19,25,20,25,21,25,22,25,23,25,24,25,25,26,25,27,25,28,
pnt26 = -2225.,1130.,9,19,26,21,26,22,26,23,26,24,26,25,26,26,27,26,28,26,29,
pnt27 = -2175.,1425.,8,21,27,22,27,23,27,24,27,25,27,26,27,27,28,27,29,
pnt28 = -2085.,1815.,10,22,28,23,28,24,28,25,28,26,28,27,28,28,29,28,30,28,32,28,34,
pnt29 = -1700.,1995.,16,1,29,2,29,3,29,4,29,5,29,6,29,7,29,24,29,26,29,27,29,28,29,29,30,29,31,29,32,29,33,29,34,
pnt30 = -1225.,1840.,13,1,30,2,30,3,30,4,30,5,30,6,30,7,30,28,30,29,30,30,31,30,32,30,33,30,34,
pnt31 = -1005.,1535.,12,1,31,2,31,3,31,4,31,5,31,6,31,7,31,29,31,30,31,31,32,31,33,31,34,
pnt32 = -655.,1530.,14,0,32,1,32,2,32,3,32,4,32,5,32,6,32,7,32,28,32,29,32,30,32,31,32,32,33,32,34,
pnt33 = -215.,1120.,13,0,33,1,33,2,33,3,33,4,33,5,33,6,33,7,33,29,33,30,33,31,33,32,33,33,34,
pnt34 = -260.,1545.,14,0,34,1,34,2,34,3,34,4,34,5,34,6,34,7,34,28,34,29,34,30,34,31,34,32,34,33,34,

