
[Main]
DepthFile = resource\foam\islands\Nevis.tga
vBoxCenter = 211.853027,0.000000,-125.524414
vBoxSize = 1371.937988,0.000000,1841.459229

[GraphPoints]
pnt0 = -955.,-480.,6,0,1,0,2,0,3,0,4,0,34,0,35,
pnt1 = -1160.,-300.,13,0,1,1,2,1,3,1,4,1,5,1,6,1,7,1,8,1,31,1,32,1,33,1,34,1,35,
pnt2 = -1170.,-55.,12,0,2,1,2,2,3,2,4,2,5,2,6,2,7,2,8,2,32,2,33,2,34,2,35,
pnt3 = -1200.,220.,13,0,3,1,3,2,3,3,4,3,5,3,6,3,7,3,8,3,9,3,32,3,33,3,34,3,35,
pnt4 = -1180.,530.,13,0,4,1,4,2,4,3,4,4,5,4,6,4,7,4,8,4,9,4,32,4,33,4,34,4,35,
pnt5 = -1050.,805.,12,1,5,2,5,3,5,4,5,5,6,5,7,5,8,5,9,5,32,5,33,5,34,5,35,
pnt6 = -1015.,1100.,13,1,6,2,6,3,6,4,6,5,6,6,7,6,8,6,9,6,10,6,32,6,33,6,34,6,35,
pnt7 = -750.,1380.,12,1,7,2,7,3,7,4,7,5,7,6,7,7,8,7,9,7,10,7,33,7,34,7,35,
pnt8 = -650.,1670.,14,1,8,2,8,3,8,4,8,5,8,6,8,7,8,8,9,8,10,8,11,8,12,8,33,8,34,8,35,
pnt9 = -325.,1815.,11,3,9,4,9,5,9,6,9,7,9,8,9,9,10,9,11,9,12,9,13,9,35,
pnt10 = 45.,1900.,8,6,10,7,10,8,10,9,10,10,11,10,12,10,13,10,15,
pnt11 = 445.,1895.,9,8,11,9,11,10,11,11,12,11,13,11,14,11,15,11,16,11,18,
pnt12 = 890.,1825.,11,8,12,9,12,10,12,11,12,12,13,12,14,12,15,12,16,12,17,12,18,12,20,
pnt13 = 1230.,1575.,10,9,13,10,13,11,13,12,13,13,14,13,15,13,16,13,17,13,18,13,20,
pnt14 = 930.,1440.,6,11,14,12,14,13,14,14,15,14,16,14,18,
pnt15 = 1405.,1290.,12,10,15,11,15,12,15,13,15,14,15,15,16,15,17,15,18,15,19,15,20,15,21,15,22,
pnt16 = 1615.,890.,12,11,16,12,16,13,16,14,16,15,16,16,17,16,18,16,19,16,20,16,21,16,22,16,23,
pnt17 = 1695.,385.,11,12,17,13,17,15,17,16,17,17,18,17,19,17,20,17,21,17,22,17,23,17,24,
pnt18 = 1900.,660.,13,11,18,12,18,13,18,14,18,15,18,16,18,17,18,18,19,18,20,18,21,18,22,18,23,18,24,
pnt19 = 1685.,-145.,9,15,19,16,19,17,19,18,19,19,20,19,21,19,22,19,23,19,24,
pnt20 = 1890.,90.,12,12,20,13,20,15,20,16,20,17,20,18,20,19,20,20,21,20,22,20,23,20,24,20,25,
pnt21 = 1720.,-500.,10,15,21,16,21,17,21,18,21,19,21,20,21,21,22,21,23,21,24,21,25,
pnt22 = 1685.,-830.,10,15,22,16,22,17,22,18,22,19,22,20,22,21,22,22,23,22,24,22,25,
pnt23 = 1620.,-1220.,10,16,23,17,23,18,23,19,23,20,23,21,23,22,23,23,24,23,25,23,26,
pnt24 = 1425.,-1550.,12,17,24,18,24,19,24,20,24,21,24,22,24,23,24,24,25,24,26,24,27,24,28,24,29,
pnt25 = 1110.,-1885.,9,20,25,21,25,22,25,23,25,24,25,25,26,25,27,25,28,25,29,
pnt26 = 760.,-1810.,6,23,26,24,26,25,26,26,27,26,28,26,29,
pnt27 = 370.,-1970.,6,24,27,25,27,26,27,27,28,27,29,27,30,
pnt28 = -95.,-2170.,8,24,28,25,28,26,28,27,28,28,29,28,30,28,31,28,32,
pnt29 = -595.,-2170.,11,24,29,25,29,26,29,27,29,28,29,29,30,29,31,29,32,29,33,29,34,29,35,
pnt30 = -855.,-1905.,8,27,30,28,30,29,30,30,31,30,32,30,33,30,34,30,35,
pnt31 = -1035.,-1655.,8,1,31,28,31,29,31,30,31,31,32,31,33,31,34,31,35,
pnt32 = -1245.,-1360.,13,1,32,2,32,3,32,4,32,5,32,6,32,28,32,29,32,30,32,31,32,32,33,32,34,32,35,
pnt33 = -1305.,-1025.,14,1,33,2,33,3,33,4,33,5,33,6,33,7,33,8,33,29,33,30,33,31,33,32,33,33,34,33,35,
pnt34 = -1430.,-670.,15,0,34,1,34,2,34,3,34,4,34,5,34,6,34,7,34,8,34,29,34,30,34,31,34,32,34,33,34,34,35,
pnt35 = -1405.,-395.,16,0,35,1,35,2,35,3,35,4,35,5,35,6,35,7,35,8,35,9,35,29,35,30,35,31,35,32,35,33,35,34,35,

