
[Main]
DepthFile = resource\foam\islands\SentMartin.tga
vBoxCenter = -10701.001953,0.000000,327.746094
vBoxSize = 14621.384766,0.000000,21663.179688

[GraphPoints]
pnt0 = -1000.,-715.,4,0,1,0,2,0,38,0,39,
pnt1 = -1430.,-690.,9,0,1,1,2,1,3,1,4,1,35,1,36,1,37,1,38,1,39,
pnt2 = -1580.,-450.,12,0,2,1,2,2,3,2,4,2,5,2,6,2,7,2,35,2,36,2,37,2,38,2,39,
pnt3 = -1685.,-195.,19,1,3,2,3,3,4,3,5,3,6,3,7,3,8,3,9,3,10,3,11,3,12,3,13,3,14,3,15,3,35,3,36,3,37,3,38,3,39,
pnt4 = -1485.,65.,14,1,4,2,4,3,4,4,5,4,6,4,7,4,8,4,9,4,10,4,11,4,12,4,13,4,14,4,15,
pnt5 = -1250.,190.,13,2,5,3,5,4,5,5,6,5,7,5,8,5,9,5,10,5,11,5,12,5,13,5,14,5,15,
pnt6 = -1300.,450.,13,2,6,3,6,4,6,5,6,6,7,6,8,6,9,6,10,6,11,6,12,6,13,6,14,6,15,
pnt7 = -1125.,640.,13,2,7,3,7,4,7,5,7,6,7,7,8,7,9,7,10,7,11,7,12,7,13,7,14,7,15,
pnt8 = -795.,805.,12,3,8,4,8,5,8,6,8,7,8,8,9,8,10,8,11,8,12,8,13,8,14,8,15,
pnt9 = -660.,1015.,12,3,9,4,9,5,9,6,9,7,9,8,9,9,10,9,11,9,12,9,13,9,14,9,15,
pnt10 = -455.,1280.,12,3,10,4,10,5,10,6,10,7,10,8,10,9,10,10,11,10,12,10,13,10,14,10,15,
pnt11 = -200.,1435.,12,3,11,4,11,5,11,6,11,7,11,8,11,9,11,10,11,11,12,11,13,11,14,11,15,
pnt12 = -30.,1640.,12,3,12,4,12,5,12,6,12,7,12,8,12,9,12,10,12,11,12,12,13,12,14,12,15,
pnt13 = 95.,1895.,13,3,13,4,13,5,13,6,13,7,13,8,13,9,13,10,13,11,13,12,13,13,14,13,15,13,16,
pnt14 = 240.,2135.,14,3,14,4,14,5,14,6,14,7,14,8,14,9,14,10,14,11,14,12,14,13,14,14,15,14,16,14,17,
pnt15 = 515.,2305.,15,3,15,4,15,5,15,6,15,7,15,8,15,9,15,10,15,11,15,12,15,13,15,14,15,15,16,15,17,15,18,
pnt16 = 775.,2245.,6,13,16,14,16,15,16,16,17,16,18,16,19,
pnt17 = 1045.,2010.,12,14,17,15,17,16,17,17,18,17,19,17,20,17,21,17,22,17,23,17,24,17,25,17,27,
pnt18 = 1215.,1695.,12,15,18,16,18,17,18,18,19,18,20,18,21,18,22,18,23,18,24,18,25,18,26,18,27,
pnt19 = 1245.,1350.,11,16,19,17,19,18,19,19,20,19,21,19,22,19,23,19,24,19,25,19,26,19,27,
pnt20 = 1030.,1160.,9,17,20,18,20,19,20,20,21,20,22,20,23,20,24,20,25,20,27,
pnt21 = 1065.,860.,9,17,21,18,21,19,21,20,21,21,22,21,23,21,24,21,25,21,27,
pnt22 = 1125.,445.,9,17,22,18,22,19,22,20,22,21,22,22,23,22,24,22,25,22,27,
pnt23 = 1230.,175.,13,17,23,18,23,19,23,20,23,21,23,22,23,23,24,23,25,23,26,23,27,23,28,23,29,23,30,
pnt24 = 1370.,-140.,14,17,24,18,24,19,24,20,24,21,24,22,24,23,24,24,25,24,26,24,27,24,28,24,29,24,30,24,31,
pnt25 = 1280.,-460.,14,17,25,18,25,19,25,20,25,21,25,22,25,23,25,24,25,25,26,25,27,25,28,25,29,25,30,25,31,
pnt26 = 1105.,-865.,10,18,26,19,26,23,26,24,26,25,26,26,27,26,28,26,29,26,30,26,31,
pnt27 = 1345.,-745.,14,17,27,18,27,19,27,20,27,21,27,22,27,23,27,24,27,25,27,26,27,27,28,27,29,27,30,27,31,
pnt28 = 1005.,-1225.,8,23,28,24,28,25,28,26,28,27,28,28,29,28,30,28,31,
pnt29 = 1000.,-1545.,9,23,29,24,29,25,29,26,29,27,29,28,29,29,30,29,31,29,32,
pnt30 = 945.,-1895.,10,23,30,24,30,25,30,26,30,27,30,28,30,29,30,30,31,30,32,30,33,
pnt31 = 700.,-2175.,10,24,31,25,31,26,31,27,31,28,31,29,31,30,31,31,32,31,33,31,34,
pnt32 = 430.,-2390.,7,29,32,30,32,31,32,32,33,32,34,32,35,32,36,
pnt33 = 105.,-2430.,7,30,33,31,33,32,33,33,34,33,35,33,36,33,37,
pnt34 = -285.,-2360.,8,31,34,32,34,33,34,34,35,34,36,34,37,34,38,34,39,
pnt35 = -580.,-2175.,10,1,35,2,35,3,35,32,35,33,35,34,35,35,36,35,37,35,38,35,39,
pnt36 = -885.,-1970.,10,1,36,2,36,3,36,32,36,33,36,34,36,35,36,36,37,36,38,36,39,
pnt37 = -1095.,-1645.,9,1,37,2,37,3,37,33,37,34,37,35,37,36,37,37,38,37,39,
pnt38 = -1275.,-1300.,9,0,38,1,38,2,38,3,38,34,38,35,38,36,38,37,38,38,39,
pnt39 = -1325.,-990.,9,0,39,1,39,2,39,3,39,34,39,35,39,36,39,37,39,38,39,

