
[Main]
DepthFile = resource\foam\islands\Terks.tga
vBoxCenter = -49.867188,0.000000,272.082550
vBoxSize = 1898.354980,0.000000,1201.245117

[GraphPoints]
pnt0 = -400.,-525.,6,0,1,0,2,0,3,0,4,0,5,0,36,
pnt1 = -255.,-860.,8,0,1,1,2,1,3,1,4,1,5,1,6,1,35,1,36,
pnt2 = 65.,-1050.,12,0,2,1,2,2,3,2,4,2,5,2,6,2,31,2,32,2,33,2,34,2,35,2,36,
pnt3 = -680.,-810.,8,0,3,1,3,2,3,3,4,3,5,3,6,3,35,3,36,
pnt4 = -1060.,-810.,9,0,4,1,4,2,4,3,4,4,5,4,6,4,7,4,35,4,36,
pnt5 = -1585.,-755.,13,0,5,1,5,2,5,3,5,4,5,5,6,5,7,5,8,5,9,5,10,5,11,5,35,5,36,
pnt6 = -1800.,-510.,12,1,6,2,6,3,6,4,6,5,6,6,7,6,8,6,9,6,10,6,11,6,35,6,36,
pnt7 = -1990.,-150.,7,4,7,5,7,6,7,7,8,7,9,7,10,7,11,
pnt8 = -2100.,200.,7,5,8,6,8,7,8,8,9,8,10,8,11,8,12,
pnt9 = -2175.,490.,7,5,9,6,9,7,9,8,9,9,10,9,11,9,12,
pnt10 = -2185.,820.,11,5,10,6,10,7,10,8,10,9,10,10,11,10,12,10,13,10,14,10,15,10,16,
pnt11 = -2065.,1120.,11,5,11,6,11,7,11,8,11,9,11,10,11,11,12,11,13,11,14,11,15,11,16,
pnt12 = -1800.,1275.,8,8,12,9,12,10,12,11,12,12,13,12,14,12,15,12,16,
pnt13 = -1475.,1395.,9,10,13,11,13,12,13,13,14,13,15,13,16,13,17,13,24,13,25,
pnt14 = -1230.,1555.,13,10,14,11,14,12,14,13,14,14,15,14,16,14,17,14,18,14,19,14,20,14,24,14,25,14,26,
pnt15 = -920.,1675.,14,10,15,11,15,12,15,13,15,14,15,15,16,15,17,15,18,15,19,15,20,15,23,15,24,15,25,15,26,
pnt16 = -560.,1670.,16,10,16,11,16,12,16,13,16,14,16,15,16,16,17,16,18,16,19,16,20,16,21,16,22,16,23,16,24,16,25,16,26,
pnt17 = -275.,1545.,13,13,17,14,17,15,17,16,17,17,18,17,19,17,20,17,21,17,22,17,23,17,24,17,25,17,26,
pnt18 = 570.,1490.,12,14,18,15,18,16,18,17,18,18,19,18,20,18,21,18,22,18,23,18,24,18,25,18,26,
pnt19 = 370.,1295.,11,14,19,15,19,16,19,17,19,18,19,19,20,19,21,19,22,19,23,19,24,19,25,
pnt20 = 20.,1365.,11,14,20,15,20,16,20,17,20,18,20,19,20,20,21,20,22,20,23,20,24,20,25,
pnt21 = 30.,955.,8,16,21,17,21,18,21,19,21,20,21,21,22,21,23,21,24,
pnt22 = 185.,680.,8,16,22,17,22,18,22,19,22,20,22,21,22,22,23,22,24,
pnt23 = 335.,905.,9,15,23,16,23,17,23,18,23,19,23,20,23,21,23,22,23,23,24,
pnt24 = 860.,1675.,15,13,24,14,24,15,24,16,24,17,24,18,24,19,24,20,24,21,24,22,24,23,24,24,25,24,26,24,27,24,28,
pnt25 = 1240.,1635.,13,13,25,14,25,15,25,16,25,17,25,18,25,19,25,20,25,24,25,25,26,25,27,25,28,25,29,
pnt26 = 1585.,1415.,11,14,26,15,26,16,26,17,26,18,26,24,26,25,26,26,27,26,28,26,29,26,30,
pnt27 = 1800.,1080.,6,24,27,25,27,26,27,27,28,27,29,27,30,
pnt28 = 2020.,815.,7,24,28,25,28,26,28,27,28,28,29,28,30,28,31,
pnt29 = 2005.,400.,9,25,29,26,29,27,29,28,29,29,30,29,31,29,32,29,33,29,34,
pnt30 = 1975.,45.,10,26,30,27,30,28,30,29,30,30,31,30,32,30,33,30,34,30,35,30,36,
pnt31 = 1750.,-265.,9,2,31,28,31,29,31,30,31,31,32,31,33,31,34,31,35,31,36,
pnt32 = 1435.,-435.,8,2,32,29,32,30,32,31,32,32,33,32,34,32,35,32,36,
pnt33 = 1225.,-690.,8,2,33,29,33,30,33,31,33,32,33,33,34,33,35,33,36,
pnt34 = 945.,-915.,8,2,34,29,34,30,34,31,34,32,34,33,34,34,35,34,36,
pnt35 = 570.,-1045.,12,1,35,2,35,3,35,4,35,5,35,6,35,30,35,31,35,32,35,33,35,34,35,35,36,
pnt36 = 300.,-1140.,13,0,36,1,36,2,36,3,36,4,36,5,36,6,36,30,36,31,36,32,36,33,36,34,36,35,36,

